0.8225806451612904
0.8387096774193549
0.7258064516129032
0.8387096774193549
0.8709677419354839
0.8548387096774194
0.8225806451612904
0.7419354838709677
0.5483870967741935
0.5806451612903226
0.5161290322580645
0.8225806451612904
0.8709677419354839
0.8548387096774194
0.8548387096774194
0.8548387096774194
0.8548387096774194
0.8709677419354839
0.8709677419354839
0.8548387096774194
0.8548387096774194
0.8387096774193549
0.8387096774193549
0.8387096774193549
0.8064516129032258
0.8064516129032258
0.8064516129032258
0.7903225806451613
0.7903225806451613
0.7903225806451613
0.7903225806451613
0.7903225806451613
0.7903225806451613
0.7903225806451613
0.7903225806451613
0.7903225806451613
0.7741935483870968
0.7741935483870968
0.7741935483870968
0.7741935483870968
0.7741935483870968
0.7741935483870968
0.7741935483870968
0.7741935483870968
0.7741935483870968
0.7741935483870968
0.7741935483870968
0.7741935483870968
0.7741935483870968
0.7741935483870968
